1 0.30428069829940796
2 0.5778241753578186
3 0.8408017158508301
4 1.0615121126174927
5 1.2864880561828613
6 1.4644168615341187
7 1.6500189304351807
8 1.8010224103927612
9 1.9330817461013794
10 2.083165168762207
11 2.222216844558716
12 2.349423408508301
13 2.49829363822937
14 2.6059679985046387
15 2.72499942779541
16 2.81327223777771
17 2.954805612564087
18 3.052751064300537
19 3.14709210395813
20 3.280515670776367
21 3.3699865341186523
22 3.4600443840026855
23 3.5706233978271484
24 3.6458077430725098
25 3.742311954498291
26 3.8393852710723877
27 3.926517963409424
28 4.011429786682129
29 4.0811052322387695
30 4.183941841125488
31 4.2466912269592285
32 4.334437370300293
33 4.387510776519775
34 4.463172912597656
35 4.53471565246582
36 4.610503673553467
37 4.662439346313477
38 4.741766929626465
39 4.766576766967773
40 4.8476128578186035
41 4.931339740753174
42 4.957478046417236
43 5.024946689605713
44 5.0971245765686035
45 5.142755031585693
46 5.181312084197998
47 5.227054595947266
48 5.282851696014404
49 5.322427272796631
50 5.401236534118652
51 5.420509338378906
52 5.456902980804443
53 5.48610782623291
54 5.538581371307373
55 5.578638553619385
56 5.592933177947998
57 5.639348983764648
58 5.678116321563721
59 5.711568355560303
60 5.731992721557617
61 5.759068012237549
62 5.822560787200928
63 5.838244915008545
64 5.867865562438965
65 5.891025066375732
66 5.919226169586182
67 5.917974948883057
68 5.951963901519775
69 5.992690563201904
70 6.017455577850342
71 6.048567295074463
72 6.054165840148926
73 6.04347038269043
74 6.041358947753906
75 6.0880584716796875
76 6.107118606567383
77 6.111635208129883
78 6.146441459655762
79 6.146492958068848
80 6.166248798370361
81 6.198548793792725
82 6.201710224151611
83 6.2096052169799805
84 6.174590587615967
85 6.219058036804199
86 6.250341892242432
87 6.252830982208252
88 6.261506080627441
89 6.264904022216797
90 6.2841997146606445
91 6.277533531188965
92 6.244316101074219
93 6.301101207733154
94 6.288630485534668
95 6.314089775085449
96 6.306929588317871
97 6.30043363571167
98 6.29052209854126
99 6.312727451324463
100 6.325274467468262
101 6.329595565795898
102 6.320836544036865
103 6.335944652557373
104 6.330353260040283
105 6.332766056060791
106 6.359050273895264
107 6.334053039550781
108 6.378891944885254
109 6.357785701751709
110 6.336462020874023
111 6.374561309814453
112 6.354583263397217
113 6.363238334655762
114 6.354734420776367
115 6.351460933685303
116 6.384069442749023
117 6.379489898681641
118 6.373779296875
119 6.3592023849487305
120 6.367087364196777
121 6.373913764953613
122 6.367833137512207
123 6.376730442047119
124 6.363068580627441
125 6.364740371704102
126 6.352012634277344
127 6.404585838317871
128 6.393506050109863
129 6.3763628005981445
130 6.392882823944092
131 6.38858699798584
132 6.370453834533691
133 6.402428150177002
134 6.396874904632568
135 6.387167453765869
136 6.384885787963867
137 6.386467933654785
138 6.411874294281006
139 6.3796868324279785
140 6.3995490074157715
141 6.395445346832275
142 6.392907619476318
143 6.3953776359558105
144 6.389911651611328
145 6.421082019805908
146 6.3735671043396
147 6.432180881500244
148 6.408143997192383
149 6.377368450164795
150 6.384375095367432
