1 0.014899753965437412
2 0.027518367394804955
3 0.03981712833046913
4 0.051206301897764206
5 0.06160244718194008
6 0.07134492695331573
7 0.08032114058732986
8 0.08888961374759674
9 0.09693288803100586
10 0.10508931428194046
11 0.11264069378376007
12 0.12072423100471497
13 0.12851615250110626
14 0.13623881340026855
15 0.14358608424663544
16 0.15142187476158142
17 0.1579216718673706
18 0.1646595448255539
19 0.17052389681339264
20 0.17588435113430023
21 0.18129205703735352
22 0.18607327342033386
23 0.19077034294605255
24 0.19575317203998566
25 0.2010684609413147
26 0.2056891769170761
27 0.21053554117679596
28 0.21538861095905304
29 0.22020575404167175
30 0.22358089685440063
31 0.22793114185333252
32 0.23121625185012817
33 0.2343364953994751
34 0.23784422874450684
35 0.24109087884426117
36 0.24426227807998657
37 0.24751116335391998
38 0.25077885389328003
39 0.2541821599006653
40 0.2576560378074646
41 0.2598147392272949
42 0.26315805315971375
43 0.2654304504394531
44 0.26730087399482727
45 0.2698991298675537
46 0.27183541655540466
47 0.27411773800849915
48 0.2772965431213379
49 0.2784264087677002
50 0.28069448471069336
51 0.28304195404052734
52 0.2850640118122101
53 0.2871803343296051
54 0.28943100571632385
55 0.2919045090675354
56 0.2934107482433319
57 0.2952812910079956
58 0.2955949902534485
59 0.29791259765625
60 0.2996307611465454
61 0.3008662760257721
62 0.30265557765960693
63 0.30413028597831726
64 0.3065045177936554
65 0.30772238969802856
66 0.3095543384552002
67 0.3106541931629181
68 0.3111724555492401
69 0.31246331334114075
70 0.3137887716293335
71 0.31430864334106445
72 0.3159199655056
73 0.31742265820503235
74 0.31829410791397095
75 0.3199063539505005
76 0.3224736750125885
77 0.322905570268631
78 0.32363662123680115
79 0.3254711925983429
80 0.32600829005241394
81 0.32719919085502625
82 0.3277347981929779
83 0.3287067115306854
84 0.3302963078022003
85 0.329828143119812
86 0.3311581611633301
87 0.33414024114608765
88 0.33600082993507385
89 0.33519378304481506
90 0.3361412286758423
91 0.33767783641815186
92 0.337409108877182
93 0.3377316892147064
94 0.3385499119758606
95 0.3388911187648773
96 0.3401012718677521
97 0.34192153811454773
98 0.341707706451416
99 0.3423160910606384
100 0.34423625469207764
101 0.3454326093196869
102 0.34619197249412537
103 0.34625568985939026
104 0.34778502583503723
105 0.3468872010707855
106 0.3493289053440094
107 0.349743515253067
108 0.35072895884513855
109 0.3507860004901886
110 0.35091057419776917
111 0.35246777534484863
112 0.35300618410110474
113 0.3553085923194885
114 0.3540007472038269
115 0.3552792966365814
116 0.35653939843177795
117 0.355234831571579
118 0.35660290718078613
119 0.357383131980896
120 0.35728052258491516
121 0.35804370045661926
122 0.35836225748062134
123 0.3604118525981903
124 0.36059829592704773
125 0.36152976751327515
126 0.36214885115623474
127 0.3621942400932312
128 0.3614666759967804
129 0.36235904693603516
130 0.3630848228931427
131 0.36275985836982727
132 0.3645472526550293
133 0.3633486032485962
134 0.36460140347480774
135 0.3655855059623718
136 0.36614856123924255
137 0.3685421049594879
138 0.366661012172699
139 0.36593595147132874
140 0.3671700954437256
141 0.3669934570789337
142 0.36876192688941956
143 0.3692249357700348
144 0.36885392665863037
145 0.36889177560806274
146 0.36890584230422974
147 0.3694404661655426
148 0.3708176910877228
149 0.3709510862827301
150 0.3716718554496765
151 0.3726244866847992
152 0.3727239966392517
153 0.3724822402000427
154 0.3720603585243225
155 0.3726559281349182
156 0.3731784224510193
157 0.37271997332572937
158 0.37346574664115906
159 0.37425076961517334
160 0.37403735518455505
161 0.37525516748428345
162 0.37451621890068054
163 0.3765107989311218
164 0.37722811102867126
165 0.37682583928108215
166 0.3770594596862793
167 0.37570756673812866
168 0.37544935941696167
169 0.3771551847457886
170 0.3763491213321686
171 0.37768906354904175
172 0.37810105085372925
173 0.3782911002635956
174 0.37838757038116455
175 0.37826377153396606
176 0.37987515330314636
177 0.3795284330844879
178 0.3782961070537567
179 0.3790190517902374
180 0.37919721007347107
181 0.3787257671356201
182 0.38005903363227844
183 0.3799292743206024
184 0.3803829252719879
185 0.3819360136985779
186 0.38174116611480713
187 0.38096943497657776
188 0.38258424401283264
189 0.3819774389266968
190 0.38235750794410706
191 0.38219204545021057
192 0.38162025809288025
193 0.38249605894088745
194 0.3831784725189209
195 0.3828279376029968
196 0.38378724455833435
197 0.38420140743255615
198 0.385039746761322
199 0.3839874863624573
200 0.38475000858306885
201 0.3842070996761322
202 0.3844061493873596
203 0.38324111700057983
204 0.3848620355129242
205 0.3853897154331207
206 0.38672563433647156
207 0.3845493197441101
208 0.38560014963150024
209 0.38702425360679626
210 0.3867383301258087
211 0.3872194290161133
212 0.3865087628364563
213 0.3872312307357788
214 0.3876032829284668
215 0.3866516351699829
216 0.38752540946006775
217 0.3871285915374756
218 0.3867586553096771
219 0.3882772624492645
220 0.3876488208770752
221 0.38796988129615784
222 0.3885021507740021
223 0.3871752917766571
224 0.3880121409893036
225 0.3886450231075287
226 0.3877614140510559
227 0.38778233528137207
228 0.3880518972873688
229 0.3892489969730377
230 0.38850852847099304
231 0.39119043946266174
232 0.39028865098953247
233 0.39007487893104553
234 0.39015713334083557
235 0.3896220922470093
236 0.3907082974910736
237 0.38993167877197266
238 0.3908509910106659
239 0.3898769021034241
240 0.390080064535141