1 0.0028430058155208826
2 0.005303648766130209
3 0.007659850642085075
4 0.009775443933904171
5 0.011683180928230286
6 0.013353963382542133
7 0.014788432978093624
8 0.016147909685969353
9 0.017407597973942757
10 0.018764730542898178
11 0.019988205283880234
12 0.02146204002201557
13 0.022754322737455368
14 0.024305203929543495
15 0.02583913691341877
16 0.02719535306096077
17 0.028441209346055984
18 0.02954990603029728
19 0.030476316809654236
20 0.0313752181828022
21 0.03210669010877609
22 0.03292402625083923
23 0.03363749012351036
24 0.03445136919617653
25 0.03524636849761009
26 0.03620501980185509
27 0.037121500819921494
28 0.03772741183638573
29 0.038640573620796204
30 0.03937295079231262
31 0.039932020008563995
32 0.04040681570768356
33 0.040840599685907364
34 0.041309699416160583
35 0.041758034378290176
36 0.042199186980724335
37 0.042747363448143005
38 0.04339486360549927
39 0.04390529543161392
40 0.04455345496535301
41 0.04483310878276825
42 0.04542012885212898
43 0.04581482708454132
44 0.04603089392185211
45 0.046283233910799026
46 0.0465061254799366
47 0.04673860967159271
48 0.04711047187447548
49 0.04755126312375069
50 0.04788903146982193
51 0.04849563539028168
52 0.048774875700473785
53 0.04912016913294792
54 0.049564458429813385
55 0.04978087916970253
56 0.04985775053501129
57 0.05015172064304352
58 0.05029015988111496
59 0.05046496540307999
60 0.05066896602511406
61 0.05105791985988617
62 0.05133569985628128
63 0.05168464407324791
64 0.05198158696293831
65 0.05228354409337044
66 0.05254345014691353
67 0.05272339656949043
68 0.0528150238096714
69 0.0530245304107666
70 0.052932512015104294
71 0.05318464711308479
72 0.05330507084727287
73 0.05356272682547569
74 0.053758930414915085
75 0.05400071665644646
76 0.05433591082692146
77 0.054563529789447784
78 0.05485359951853752
79 0.05488935485482216
80 0.055176157504320145
81 0.05507824569940567
82 0.055248502641916275
83 0.055306170135736465
84 0.055475980043411255
85 0.05563624948263168
86 0.055800024420022964
87 0.05595795810222626
88 0.05618178844451904
89 0.056513987481594086
90 0.05650361254811287
91 0.056546296924352646
92 0.05685881897807121
93 0.05676649883389473
94 0.056896671652793884
95 0.0569387823343277
96 0.056970395147800446
97 0.05727168917655945
98 0.05748625844717026
99 0.05750368908047676
100 0.057897236198186874
101 0.05794970318675041
102 0.058176957070827484
103 0.058246951550245285
104 0.05847344920039177
105 0.058412931859493256
106 0.05838315561413765
107 0.058330174535512924
108 0.05851130560040474
109 0.05861159786581993
110 0.058687880635261536
111 0.058988306671381
112 0.059118714183568954
113 0.059303075075149536
114 0.059439171105623245
115 0.05957888439297676
116 0.05954858660697937
117 0.05954713746905327
118 0.05950140953063965
119 0.0594840869307518
120 0.059665512293577194
121 0.059815626591444016
122 0.05993730574846268
123 0.06001964211463928
124 0.0601528137922287
125 0.06031278148293495
126 0.060516513884067535
127 0.06073326617479324
128 0.06060148775577545
129 0.06047801673412323
130 0.060539621859788895
131 0.06055791676044464
132 0.06076190248131752
133 0.06056775525212288
134 0.060829032212495804
135 0.06091291457414627
136 0.06114533543586731
137 0.061363089829683304
138 0.06140704080462456
139 0.061258912086486816
140 0.061480484902858734
141 0.0612097904086113
142 0.0613405816257
143 0.06131850928068161
144 0.06148963049054146
145 0.06145992502570152
146 0.061566077172756195
147 0.06165792793035507
148 0.06199609488248825
149 0.06199261173605919
150 0.06213834136724472
151 0.06212883070111275
152 0.06199776381254196
153 0.062196340411901474
154 0.06206539273262024
155 0.06205806881189346
156 0.062129393219947815
157 0.06212806701660156
158 0.062208425253629684
159 0.06222573667764664
160 0.06257006525993347
161 0.06276312470436096
162 0.06264594942331314
163 0.06271045655012131
164 0.06266144663095474
165 0.06278690695762634
166 0.06261354684829712
167 0.06265058368444443
168 0.062678262591362
169 0.06266747415065765
170 0.0629642978310585
171 0.0628950223326683
172 0.06308195739984512
173 0.06330251693725586
174 0.06305437535047531
175 0.06311573088169098
176 0.06298466771841049
177 0.06321382522583008
178 0.06319697946310043
179 0.0632680132985115
180 0.06318250298500061
181 0.0632457286119461
182 0.06319940835237503
183 0.06332466751337051
184 0.06349098682403564
185 0.0637214407324791
186 0.06369098275899887
187 0.06363746523857117
188 0.0636700764298439
189 0.06360701471567154
190 0.06362108141183853
191 0.06367042660713196
192 0.06352583318948746
193 0.06343188881874084
194 0.06366874277591705
195 0.06392505764961243
196 0.06397821009159088
197 0.06418082863092422
198 0.06404304504394531
199 0.06415524333715439
200 0.06395300477743149
201 0.0640755146741867
202 0.06389198452234268
203 0.06397838890552521
204 0.06390522420406342
205 0.06403345614671707
206 0.06410472840070724
207 0.0642128437757492
208 0.06427118182182312
209 0.06438853591680527
210 0.06445721536874771
211 0.06450460106134415
212 0.06441821902990341
213 0.06438922137022018
214 0.0643748864531517
215 0.06428508460521698
216 0.06415237486362457
217 0.06425798684358597
218 0.06429339200258255
219 0.06450306624174118
220 0.06449533998966217
221 0.06484974920749664
222 0.06469663977622986
223 0.06475483626127243
224 0.06470590829849243
225 0.06482025235891342
226 0.06471910327672958
227 0.06460117548704147
228 0.06471017003059387
229 0.06443311274051666
230 0.06475455313920975
231 0.06493129581212997
232 0.06487814337015152
233 0.0649859830737114
234 0.06502637267112732
235 0.06504694372415543
236 0.06510555744171143
237 0.06493604183197021
238 0.06491822004318237
239 0.06478855758905411
240 0.06469649076461792