1 0.12467479705810547
2 0.2325061559677124
3 0.33191177248954773
4 0.41611915826797485
5 0.48732563853263855
6 0.5484334230422974
7 0.599835991859436
8 0.6393009424209595
9 0.6795016527175903
10 0.7173473238945007
11 0.7638214826583862
12 0.8144047260284424
13 0.8648112416267395
14 0.9282510280609131
15 0.9828210473060608
16 1.049435019493103
17 1.102594017982483
18 1.1480685472488403
19 1.1786013841629028
20 1.2226531505584717
21 1.2557780742645264
22 1.2812238931655884
23 1.319790244102478
24 1.3528413772583008
25 1.391353726387024
26 1.4241851568222046
27 1.4708701372146606
28 1.5140639543533325
29 1.5449154376983643
30 1.5710902214050293
31 1.6057360172271729
32 1.6224288940429688
33 1.6540223360061646
34 1.6725126504898071
35 1.6919493675231934
36 1.7143685817718506
37 1.739608645439148
38 1.7720597982406616
39 1.7927355766296387
40 1.8187884092330933
41 1.8518798351287842
42 1.8599673509597778
43 1.8875715732574463
44 1.906285047531128
45 1.9143296480178833
46 1.9387593269348145
47 1.9511836767196655
48 1.9753305912017822
49 1.9771476984024048
50 2.0111658573150635
51 2.0185184478759766
52 2.0475940704345703
53 2.065886974334717
54 2.085017681121826
55 2.1056671142578125
56 2.100278615951538
57 2.125230073928833
58 2.1305460929870605
59 2.148611068725586
60 2.14863920211792
61 2.180622100830078
62 2.193984270095825
63 2.193188428878784
64 2.220036268234253
65 2.227372884750366
66 2.249359607696533
67 2.2509751319885254
68 2.2639806270599365
69 2.2728211879730225
70 2.2753524780273438
71 2.2754063606262207
72 2.2962746620178223
73 2.315314292907715
74 2.320840358734131
75 2.3381307125091553
76 2.352303981781006
77 2.350393295288086
78 2.368533134460449
79 2.378934621810913
80 2.3718907833099365
81 2.3967490196228027
82 2.3871102333068848
83 2.4072265625
84 2.411017894744873
85 2.4173927307128906
86 2.438549280166626
87 2.4318859577178955
88 2.4611308574676514
89 2.491828680038452
90 2.477843761444092
91 2.5045738220214844
92 2.5000438690185547
93 2.4859180450439453
94 2.480910062789917
95 2.4974968433380127
96 2.507312297821045
97 2.5285840034484863
98 2.538874387741089
99 2.535891056060791
100 2.550719976425171
101 2.5493006706237793
102 2.564918041229248
103 2.5672531127929688
104 2.562429666519165
105 2.581937313079834
106 2.5810298919677734
107 2.5831527709960938
108 2.5890684127807617
109 2.6086585521698
110 2.628471851348877
111 2.629096746444702
112 2.6360862255096436
113 2.6471428871154785
114 2.6271674633026123
115 2.648191213607788
116 2.6599009037017822
117 2.6511261463165283
118 2.6495227813720703
119 2.6595370769500732
120 2.657888650894165
121 2.6638147830963135
122 2.6565260887145996
123 2.678048849105835
124 2.716472864151001
125 2.70163631439209
126 2.699774980545044
127 2.7059390544891357
128 2.691221237182617
129 2.711862564086914
130 2.7154338359832764
131 2.701171398162842
132 2.704378366470337
133 2.737973928451538
134 2.7277021408081055
135 2.737002372741699
136 2.737804889678955
137 2.746159076690674
138 2.7581467628479004
139 2.7574939727783203
140 2.775662660598755
141 2.7440402507781982
142 2.771836757659912
143 2.760967493057251
144 2.7715260982513428
145 2.8003783226013184
146 2.759669303894043
147 2.7807531356811523
148 2.789457082748413
149 2.8081376552581787
150 2.8022568225860596
151 2.796618700027466
152 2.799363613128662
153 2.829376459121704
154 2.802877187728882
155 2.8090221881866455
156 2.795874834060669
157 2.817092180252075
158 2.8097984790802
159 2.8394854068756104
160 2.818256378173828
161 2.8366129398345947
162 2.8410933017730713
163 2.8414528369903564
164 2.835258722305298
165 2.8458173274993896
166 2.843644380569458
167 2.835813522338867
168 2.828990936279297
169 2.829380989074707
170 2.8620545864105225
171 2.8647658824920654
172 2.866576671600342
173 2.844897985458374
174 2.8738644123077393
175 2.866760730743408
176 2.8813748359680176
177 2.900367021560669
178 2.8577117919921875
179 2.8726112842559814
180 2.8653085231781006
181 2.8649802207946777
182 2.8981077671051025
183 2.8809404373168945
184 2.881305694580078
185 2.8979456424713135
186 2.9215126037597656
187 2.894047737121582
188 2.8890647888183594
189 2.891458749771118
190 2.8901374340057373
191 2.894695997238159
192 2.907724142074585
193 2.9005887508392334
194 2.914058208465576
195 2.922016143798828
196 2.918560028076172
197 2.927196741104126
198 2.927027940750122
199 2.912249803543091
200 2.9225006103515625
201 2.898827314376831
202 2.935763359069824
203 2.904562473297119
204 2.9497921466827393
205 2.9320778846740723
206 2.931758165359497
207 2.937284469604492
208 2.951077938079834
209 2.9405336380004883
210 2.951486587524414
211 2.929600954055786
212 2.9442331790924072
213 2.940401077270508
214 2.95790696144104
215 2.9503421783447266
216 2.9384145736694336
217 2.9389760494232178
218 2.9537084102630615
219 2.9541587829589844
220 2.9469387531280518
221 2.9719650745391846
222 2.979079484939575
223 2.9591989517211914
224 2.9478371143341064
225 2.9587583541870117
226 2.9756460189819336
227 2.9433751106262207
228 2.97379994392395
229 2.959977626800537
230 2.971769332885742
231 2.9755566120147705
232 2.9797654151916504
233 2.9920687675476074
234 2.9815616607666016
235 2.9851088523864746
236 2.9815237522125244
237 2.98233962059021
238 3.003857374191284
239 2.990140914916992
240 2.973832845687866