1 0.025049034506082535
2 0.04509152099490166
3 0.06242682412266731
4 0.07729554921388626
5 0.09056273102760315
6 0.1028236597776413
7 0.11386870592832565
8 0.12431783229112625
9 0.13310499489307404
10 0.14169609546661377
11 0.14983849227428436
12 0.15682287514209747
13 0.16372887790203094
14 0.1701251119375229
15 0.17604148387908936
16 0.18090052902698517
17 0.18586792051792145
18 0.1909390538930893
19 0.19567856192588806
20 0.19954372942447662
21 0.2034284770488739
22 0.20775999128818512
23 0.21159829199314117
24 0.21578851342201233
25 0.21965909004211426
26 0.2241683155298233
27 0.2285340279340744
28 0.23316046595573425
29 0.23725450038909912
30 0.24117986857891083
31 0.24509547650814056
32 0.24872110784053802
33 0.2513817846775055
34 0.2541799247264862
35 0.25754210352897644
36 0.25966963171958923
37 0.2621666193008423
38 0.2640431225299835
39 0.2656758725643158
40 0.26718270778656006
41 0.26951056718826294
42 0.2704528272151947
43 0.2717496454715729
44 0.27323028445243835
45 0.2744356393814087
46 0.2751069664955139
47 0.27685919404029846
48 0.2783674895763397
49 0.2800459861755371
50 0.2821165919303894
51 0.28408583998680115
52 0.28595054149627686
53 0.28714674711227417
54 0.2899639904499054
55 0.29132160544395447
56 0.29363542795181274
57 0.2958228290081024
58 0.29594072699546814
59 0.298056423664093
60 0.2993078827857971
61 0.2996376156806946
62 0.29982247948646545
63 0.30129241943359375
64 0.30187326669692993
65 0.3030022084712982
66 0.30278852581977844
67 0.30374810099601746
68 0.3036351501941681
69 0.30455461144447327
70 0.30423757433891296
71 0.3052619397640228
72 0.305885910987854
73 0.30628257989883423
74 0.30782240629196167
75 0.30869683623313904
76 0.3105941414833069
77 0.31112411618232727
78 0.3115832805633545
79 0.3148023188114166
80 0.3150908648967743
81 0.3163822293281555
82 0.3165082335472107
83 0.31724804639816284
84 0.31815555691719055
85 0.3183457851409912
86 0.31983956694602966
87 0.3196732699871063
88 0.31897756457328796
89 0.3194018304347992
90 0.32016217708587646
91 0.3196104168891907
92 0.3205444812774658
93 0.32019850611686707
94 0.32073256373405457
95 0.3199032247066498
96 0.3214101195335388
97 0.32231754064559937
98 0.32256999611854553
99 0.3228369951248169
100 0.3238859474658966
101 0.324701189994812
102 0.32625022530555725
103 0.32724854350090027
104 0.32740285992622375
105 0.3292067050933838
106 0.330102801322937
107 0.33005794882774353
108 0.33013007044792175
109 0.330375075340271
110 0.3305039405822754
111 0.3302576541900635
112 0.3301009237766266
113 0.331051766872406
114 0.3304004669189453
115 0.33059924840927124
116 0.3304120898246765
117 0.33096078038215637
118 0.32967719435691833
119 0.331242173910141
120 0.33044061064720154